0.00574329	0.0159542	0.000680554
0.00738423	0.0150413	0.000356338
0.00902518	0.0130347	0.000233814
0.0106661	0.0110267	0.000171282
0.0123071	0.00925472	0.000134794
0.013948	0.00741119	0.000110344
0.0155889	0.0057556	8.89E-05
0.0172299	0.0044962	7.55E-05
0.0188708	0.00357964	6.68E-05
0.0205118	0.00288382	6.01E-05
0.0221527	0.00246717	5.53E-05
0.0237936	0.00226304	5.17E-05
0.0254346	0.00218797	4.91E-05
0.0270755	0.00214965	4.70E-05
0.0287165	0.00202608	4.50E-05
0.0303574	0.00195663	4.33E-05
0.0319983	0.00196933	4.19E-05
0.0336393	0.00189437	4.05E-05
0.0352802	0.00176368	3.90E-05
0.0369212	0.00165859	3.77E-05
0.0385621	0.00154456	3.65E-05
0.0402031	0.00140305	3.53E-05
0.041844	0.00127238	3.42E-05
0.0434849	0.00115721	3.32E-05
0.0451259	0.00104105	3.22E-05
0.0467668	0.000986999	3.14E-05
0.0484078	0.000997271	3.09E-05
0.0500487	0.000957427	3.02E-05
0.0516896	0.000889212	2.95E-05
0.0533306	0.000861821	2.90E-05
0.0549715	0.000860994	2.85E-05
0.0566125	0.000804589	2.79E-05
0.0582534	0.000768751	2.74E-05
0.0598943	0.000720543	2.69E-05
0.0615353	0.000675546	2.64E-05
0.0631762	0.00064123	2.59E-05
0.0648172	0.000554589	2.54E-05
0.0664581	0.000538059	2.50E-05
0.0680991	0.000544864	2.47E-05
0.06974	0.000535861	2.43E-05
0.0713809	0.000457327	2.39E-05
0.0730219	0.000466867	2.36E-05
0.0746628	0.000465614	2.33E-05
0.0763038	0.000435805	2.30E-05
0.0779447	0.000421977	2.27E-05
0.0795856	0.000395503	2.24E-05
0.0812266	0.000359249	2.21E-05
0.0828675	0.00032008	2.18E-05
0.0845085	0.000326937	2.16E-05
0.0861494	0.000301193	2.13E-05
0.0877903	0.000298799	2.11E-05
0.0894313	0.000300719	2.08E-05
0.0910722	0.000267996	2.06E-05
0.0927132	0.000277252	2.04E-05
0.0943541	0.000256251	2.01E-05
0.095995	0.00023233	1.99E-05
0.097636	0.000230784	1.97E-05
0.0992769	0.000184862	1.95E-05
0.100918	0.000156899	1.93E-05
0.102559	0.000172783	1.91E-05
0.1042	0.000157076	1.89E-05
0.105841	0.000164291	1.88E-05
0.107482	0.00017884	1.87E-05
0.109123	0.000139577	1.85E-05
0.110764	0.000144964	1.83E-05
0.112404	0.000159966	1.82E-05
0.114045	0.000166184	1.81E-05
0.115686	0.000122669	1.78E-05
0.117327	0.000100793	1.77E-05
0.118968	0.000120841	1.76E-05
0.120609	9.98E-05	1.74E-05
0.12225	0.000125143	1.73E-05
0.123891	0.000138618	1.72E-05
0.125532	0.000128575	1.71E-05
0.127173	9.39E-05	1.69E-05
0.128814	6.80E-05	1.67E-05
0.130455	8.39E-05	1.66E-05
0.132096	9.96E-05	1.65E-05
0.133737	7.92E-05	1.64E-05
0.135378	5.41E-05	1.63E-05
0.137019	6.17E-05	1.62E-05
0.13866	4.81E-05	1.60E-05
0.1403	6.89E-05	1.60E-05
0.141941	5.87E-05	1.58E-05
0.143582	8.15E-05	1.58E-05
0.145223	7.87E-05	1.57E-05
0.146864	6.43E-05	1.56E-05
0.148505	5.42E-05	1.54E-05
0.150146	3.13E-05	1.53E-05
0.151787	2.36E-05	1.52E-05
0.153428	2.67E-05	1.51E-05
0.155069	3.00E-05	1.50E-05
0.15671	4.82E-05	1.50E-05
0.158351	5.11E-05	1.49E-05
0.159992	3.47E-05	1.48E-05
0.161633	2.37E-05	1.47E-05
0.163274	3.09E-05	1.46E-05
0.164915	4.34E-05	1.45E-05
0.166556	2.05E-05	1.44E-05
0.168196	2.32E-05	1.44E-05
0.169837	1.27E-05	1.43E-05
0.171478	2.30E-05	1.43E-05
0.173119	2.32E-05	1.42E-05
0.17476	3.87E-05	1.41E-05
0.176401	5.32E-05	1.41E-05
0.178042	5.07E-05	1.40E-05
0.179683	3.82E-05	1.39E-05
0.181324	3.20E-05	1.38E-05
0.182965	2.74E-05	1.38E-05
0.184606	1.39E-05	1.37E-05
0.186247	1.70E-05	1.36E-05
0.187888	1.05E-05	1.35E-05
0.189529	1.38E-05	1.35E-05
0.19117	-1.02E-05	1.34E-05
0.192811	1.41E-05	1.34E-05
0.194452	2.55E-05	1.33E-05
0.196092	1.09E-05	1.32E-05
0.197733	1.59E-05	1.32E-05
0.199374	3.77E-05	1.32E-05
0.201015	2.82E-05	1.32E-05
0.202656	1.79E-05	1.31E-05
0.204297	1.69E-05	1.30E-05
0.205938	9.96E-06	1.30E-05
0.207579	2.49E-05	1.29E-05
0.20922	3.36E-06	1.28E-05
0.210861	6.41E-06	1.28E-05
0.212502	4.75E-06	1.27E-05
0.214143	1.29E-05	1.27E-05
0.215784	3.25E-05	1.27E-05
0.217425	2.35E-05	1.26E-05
0.219066	2.63E-05	1.26E-05
0.220707	1.08E-05	1.25E-05
0.222347	-2.36E-06	1.24E-05
0.223988	-3.47E-07	1.24E-05
0.225629	-1.33E-05	1.23E-05
0.22727	2.79E-06	1.23E-05
0.228911	6.59E-06	1.23E-05
0.230552	-6.09E-06	1.22E-05
0.232193	-5.56E-06	1.21E-05
0.233834	-1.11E-06	1.21E-05
0.235475	-4.14E-06	1.21E-05
0.237116	5.32E-06	1.20E-05
0.238757	1.20E-05	1.20E-05
0.240398	1.16E-05	1.20E-05
0.242039	9.55E-06	1.19E-05
0.24368	1.79E-05	1.19E-05
0.245321	1.21E-05	1.18E-05
0.246962	1.01E-05	1.18E-05
0.248603	-1.32E-05	1.17E-05
0.250243	-9.71E-06	1.18E-05
0.251884	4.34E-06	1.17E-05
0.253525	6.72E-06	1.17E-05
0.255166	-4.45E-06	1.17E-05
0.256807	-4.11E-06	1.16E-05
0.258448	-3.78E-07	1.16E-05
0.260089	-9.63E-06	1.15E-05
0.26173	-2.47E-05	1.15E-05
0.263371	5.82E-06	1.15E-05
0.265012	2.21E-05	1.15E-05
0.266653	1.47E-05	1.14E-05
0.268294	5.58E-06	1.14E-05
0.269935	-4.67E-07	1.13E-05
0.271576	1.93E-06	1.13E-05
0.273217	2.64E-05	1.13E-05
0.274858	9.81E-06	1.12E-05
0.276499	1.57E-05	1.12E-05
0.278139	1.41E-05	1.12E-05
0.27978	1.38E-05	1.11E-05
0.281421	7.78E-06	1.11E-05
0.283062	7.91E-06	1.11E-05
0.284703	3.47E-06	1.10E-05
0.286344	-1.32E-06	1.10E-05
0.287985	-5.03E-06	1.10E-05
0.289626	-1.29E-05	1.10E-05
0.291267	-1.12E-05	1.11E-05
0.292908	1.64E-07	1.11E-05
0.294549	9.03E-06	1.12E-05
0.29619	-3.00E-06	1.13E-05
0.297831	-8.04E-06	1.14E-05
0.299472	5.39E-06	1.15E-05
0.301113	1.04E-05	1.16E-05
0.302754	-7.83E-06	1.19E-05
0.304395	2.25E-06	1.18E-05
0.306035	6.35E-06	1.18E-05
0.307676	8.86E-06	1.18E-05
0.309317	1.38E-06	1.18E-05
0.310958	-9.95E-06	1.18E-05
0.312599	-2.15E-05	1.19E-05
0.31424	-5.83E-06	1.20E-05
0.315881	4.80E-06	1.19E-05
0.317522	2.46E-07	1.19E-05
0.319163	-2.84E-06	1.23E-05
0.320804	-2.40E-06	1.20E-05
0.322445	1.02E-05	1.20E-05
0.324086	2.69E-05	1.24E-05
0.325727	7.16E-06	1.21E-05
0.327368	1.34E-05	1.25E-05
0.329009	-1.33E-05	1.27E-05
0.33065	-1.82E-05	1.28E-05
0.332291	-5.67E-06	1.33E-05
0.333931	1.74E-05	1.34E-05
0.335572	9.44E-06	1.35E-05
0.337213	-8.21E-06	1.39E-05
0.338854	-7.48E-06	1.42E-05
0.340495	-1.45E-05	1.42E-05
0.342136	1.53E-07	1.43E-05
0.343777	-1.90E-06	1.46E-05
0.345418	1.31E-05	1.47E-05
0.347059	4.25E-06	1.55E-05
0.3487	-1.13E-05	1.59E-05
0.350341	-4.76E-06	1.53E-05
0.351982	-2.11E-06	1.58E-05
0.353623	-1.56E-06	1.63E-05
0.355264	7.86E-06	1.61E-05
0.356905	-2.56E-06	1.78E-05
0.358546	1.85E-06	1.69E-05
0.360187	9.76E-06	1.68E-05
0.361827	1.87E-05	1.74E-05
0.363468	1.13E-05	1.74E-05
0.365109	6.65E-06	1.82E-05
0.36675	-7.17E-06	1.86E-05
0.368391	7.13E-06	1.83E-05
0.370032	2.27E-05	1.88E-05
0.371673	4.79E-05	1.91E-05
0.373314	1.46E-05	1.87E-05
0.374955	1.81E-06	1.97E-05
0.376596	8.95E-06	2.07E-05
0.378237	2.28E-05	1.97E-05
0.379878	1.48E-05	2.24E-05
0.381519	2.53E-06	2.03E-05
0.38316	-1.52E-05	2.23E-05
0.384801	-1.78E-05	2.10E-05
0.386442	1.40E-05	2.15E-05
0.388083	6.51E-06	2.31E-05
0.389723	1.07E-05	2.22E-05
0.391364	-2.07E-05	2.48E-05
0.393005	-2.68E-05	2.50E-05
0.394646	-6.69E-06	2.48E-05
0.396287	-2.77E-05	2.64E-05
0.397928	-4.11E-05	2.68E-05
0.399569	-2.36E-05	2.54E-05
0.40121	-3.03E-05	2.72E-05
0.402851	-2.96E-05	2.76E-05
0.404492	-3.58E-06	2.78E-05
0.406133	-2.69E-05	2.83E-05
0.407774	-2.26E-05	3.28E-05
0.409415	2.25E-05	3.00E-05
0.411056	-3.78E-07	3.22E-05
0.412697	-3.71E-05	3.32E-05
