0.00574329	0.0491583	0.000787348
0.00738423	0.0473918	0.000435408
0.00902518	0.0423673	0.000304016
0.0106661	0.0365503	0.000232819
0.0123071	0.0303936	0.000186671
0.013948	0.02424	0.000152806
0.0155889	0.0188028	0.000121636
0.0172299	0.0145431	0.000101185
0.0188708	0.0107839	8.62E-05
0.0205118	0.00780947	7.40E-05
0.0221527	0.00590255	6.53E-05
0.0237936	0.00461303	5.88E-05
0.0254346	0.00377567	5.40E-05
0.0270755	0.00336881	5.08E-05
0.0287165	0.00308763	4.83E-05
0.0303574	0.00286231	4.61E-05
0.0319983	0.00277181	4.44E-05
0.0336393	0.0027375	4.31E-05
0.0352802	0.00251879	4.14E-05
0.0369212	0.00225721	3.96E-05
0.0385621	0.00201453	3.81E-05
0.0402031	0.00177146	3.66E-05
0.041844	0.00150729	3.51E-05
0.0434849	0.00132746	3.40E-05
0.0451259	0.00117986	3.29E-05
0.0467668	0.00104652	3.19E-05
0.0484078	0.000926289	3.10E-05
0.0500487	0.000867467	3.04E-05
0.0516896	0.00080957	2.97E-05
0.0533306	0.000690661	2.89E-05
0.0549715	0.000666807	2.84E-05
0.0566125	0.000665352	2.79E-05
0.0582534	0.000622314	2.74E-05
0.0598943	0.00056434	2.68E-05
0.0615353	0.000555086	2.64E-05
0.0631762	0.000500128	2.59E-05
0.0648172	0.000440392	2.55E-05
0.0664581	0.000456017	2.52E-05
0.0680991	0.000397036	2.47E-05
0.06974	0.000379874	2.43E-05
0.0713809	0.000354523	2.40E-05
0.0730219	0.000315813	2.36E-05
0.0746628	0.000311275	2.33E-05
0.0763038	0.000312928	2.30E-05
0.0779447	0.000297353	2.27E-05
0.0795856	0.000327184	2.26E-05
0.0812266	0.000260744	2.22E-05
0.0828675	0.000231596	2.19E-05
0.0845085	0.000253726	2.17E-05
0.0861494	0.000232408	2.14E-05
0.0877903	0.000230798	2.12E-05
0.0894313	0.000213806	2.09E-05
0.0910722	0.000150188	2.06E-05
0.0927132	0.000153008	2.04E-05
0.0943541	0.000162913	2.02E-05
0.095995	0.000122243	2.00E-05
0.097636	0.0001538	1.98E-05
0.0992769	0.000176411	1.97E-05
0.100918	0.0001435	1.95E-05
0.102559	0.000142497	1.93E-05
0.1042	0.000148182	1.91E-05
0.105841	0.000144936	1.90E-05
0.107482	0.000118152	1.88E-05
0.109123	0.000118742	1.87E-05
0.110764	0.000119199	1.85E-05
0.112404	0.000114737	1.83E-05
0.114045	0.000106541	1.82E-05
0.115686	0.000103009	1.80E-05
0.117327	0.000117126	1.79E-05
0.118968	9.76E-05	1.77E-05
0.120609	7.78E-05	1.76E-05
0.12225	8.30E-05	1.75E-05
0.123891	9.17E-05	1.73E-05
0.125532	7.00E-05	1.72E-05
0.127173	7.49E-05	1.71E-05
0.128814	7.99E-05	1.70E-05
0.130455	9.18E-05	1.68E-05
0.132096	8.85E-05	1.67E-05
0.133737	6.25E-05	1.66E-05
0.135378	5.33E-05	1.65E-05
0.137019	5.13E-05	1.64E-05
0.13866	8.09E-05	1.63E-05
0.1403	8.43E-05	1.62E-05
0.141941	6.91E-05	1.61E-05
0.143582	7.32E-05	1.60E-05
0.145223	6.32E-05	1.58E-05
0.146864	5.73E-05	1.57E-05
0.148505	5.50E-05	1.56E-05
0.150146	6.60E-05	1.56E-05
0.151787	7.15E-05	1.55E-05
0.153428	6.13E-05	1.54E-05
0.155069	3.39E-05	1.52E-05
0.15671	4.46E-05	1.52E-05
0.158351	6.38E-05	1.51E-05
0.159992	4.77E-05	1.50E-05
0.161633	4.20E-05	1.49E-05
0.163274	2.91E-05	1.48E-05
0.164915	4.06E-05	1.47E-05
0.166556	3.61E-05	1.46E-05
0.168196	4.09E-05	1.46E-05
0.169837	3.57E-05	1.45E-05
0.171478	3.63E-05	1.44E-05
0.173119	1.86E-05	1.43E-05
0.17476	1.53E-05	1.43E-05
0.176401	3.07E-05	1.42E-05
0.178042	2.59E-05	1.41E-05
0.179683	-8.07E-06	1.40E-05
0.181324	6.25E-06	1.40E-05
0.182965	3.42E-05	1.39E-05
0.184606	2.12E-05	1.39E-05
0.186247	-1.82E-05	1.37E-05
0.187888	5.64E-06	1.37E-05
0.189529	1.52E-05	1.37E-05
0.19117	3.80E-05	1.36E-05
0.192811	4.54E-05	1.36E-05
0.194452	4.71E-05	1.35E-05
0.196092	2.75E-05	1.34E-05
0.197733	-2.24E-05	1.33E-05
0.199374	-1.02E-05	1.33E-05
0.201015	1.29E-05	1.33E-05
0.202656	1.49E-05	1.33E-05
0.204297	2.58E-06	1.32E-05
0.205938	-8.62E-07	1.31E-05
0.207579	8.77E-06	1.31E-05
0.20922	1.76E-05	1.30E-05
0.210861	1.50E-05	1.30E-05
0.212502	-7.25E-06	1.29E-05
0.214143	-3.43E-06	1.29E-05
0.215784	-1.13E-06	1.28E-05
0.217425	1.05E-05	1.28E-05
0.219066	2.05E-05	1.27E-05
0.220707	2.83E-05	1.27E-05
0.222347	1.74E-05	1.26E-05
0.223988	1.03E-05	1.25E-05
0.225629	1.70E-06	1.25E-05
0.22727	6.05E-06	1.25E-05
0.228911	-8.24E-06	1.24E-05
0.230552	3.19E-06	1.24E-05
0.232193	1.05E-05	1.23E-05
0.233834	-7.15E-06	1.23E-05
0.235475	-2.21E-06	1.22E-05
0.237116	1.15E-06	1.22E-05
0.238757	-1.15E-05	1.21E-05
0.240398	-3.58E-05	1.21E-05
0.242039	-1.48E-05	1.21E-05
0.24368	1.00E-05	1.20E-05
0.245321	1.87E-05	1.20E-05
0.246962	-1.88E-06	1.19E-05
0.248603	-9.09E-06	1.19E-05
0.250243	-5.49E-06	1.19E-05
0.251884	-3.53E-06	1.19E-05
0.253525	2.59E-06	1.19E-05
0.255166	-3.76E-06	1.18E-05
0.256807	-1.26E-06	1.18E-05
0.258448	9.75E-06	1.17E-05
0.260089	-1.40E-06	1.17E-05
0.26173	-2.76E-05	1.16E-05
0.263371	-1.36E-05	1.16E-05
0.265012	-1.22E-05	1.16E-05
0.266653	-1.24E-05	1.15E-05
0.268294	-4.68E-06	1.15E-05
0.269935	2.40E-06	1.15E-05
0.271576	1.41E-05	1.14E-05
0.273217	1.72E-05	1.14E-05
0.274858	1.73E-05	1.14E-05
0.276499	7.10E-06	1.13E-05
0.278139	1.32E-05	1.13E-05
0.27978	4.00E-05	1.13E-05
0.281421	7.36E-05	1.13E-05
0.283062	2.85E-05	1.12E-05
0.284703	1.36E-06	1.12E-05
0.286344	1.88E-06	1.11E-05
0.287985	-1.87E-05	1.11E-05
0.289626	-3.65E-05	1.11E-05
0.291267	-3.25E-05	1.12E-05
0.292908	-1.11E-05	1.13E-05
0.294549	-4.63E-06	1.13E-05
0.29619	3.68E-06	1.15E-05
0.297831	5.88E-06	1.16E-05
0.299472	5.29E-06	1.16E-05
0.301113	1.26E-06	1.17E-05
0.302754	-1.15E-05	1.20E-05
0.304395	-1.07E-05	1.19E-05
0.306035	-2.35E-06	1.20E-05
0.307676	4.78E-06	1.20E-05
0.309317	2.20E-06	1.20E-05
0.310958	-4.14E-07	1.20E-05
0.312599	-1.35E-05	1.20E-05
0.31424	-6.40E-06	1.22E-05
0.315881	-1.24E-05	1.21E-05
0.317522	-2.60E-05	1.21E-05
0.319163	-2.27E-05	1.24E-05
0.320804	-6.70E-06	1.22E-05
0.322445	-9.17E-07	1.22E-05
0.324086	-5.65E-06	1.25E-05
0.325727	-1.65E-05	1.23E-05
0.327368	-2.55E-06	1.27E-05
0.329009	-1.32E-05	1.29E-05
0.33065	-1.82E-05	1.29E-05
0.332291	-8.52E-06	1.35E-05
0.333931	-1.50E-06	1.36E-05
0.335572	-6.53E-06	1.36E-05
0.337213	6.07E-06	1.42E-05
0.338854	5.57E-07	1.44E-05
0.340495	1.49E-05	1.45E-05
0.342136	2.74E-05	1.45E-05
0.343777	3.40E-05	1.49E-05
0.345418	1.79E-05	1.49E-05
0.347059	-1.70E-08	1.57E-05
0.3487	-4.97E-06	1.61E-05
0.350341	1.53E-05	1.55E-05
0.351982	3.49E-05	1.61E-05
0.353623	2.19E-05	1.66E-05
0.355264	6.12E-06	1.63E-05
0.356905	1.66E-05	1.80E-05
0.358546	-4.90E-07	1.71E-05
0.360187	-1.74E-05	1.70E-05
0.361827	-9.20E-06	1.75E-05
0.363468	1.39E-05	1.76E-05
0.365109	-7.92E-06	1.83E-05
0.36675	-2.95E-06	1.88E-05
0.368391	2.60E-06	1.85E-05
0.370032	-1.46E-05	1.90E-05
0.371673	1.03E-05	1.93E-05
0.373314	-1.13E-05	1.89E-05
0.374955	-7.28E-06	2.00E-05
0.376596	7.82E-06	2.09E-05
0.378237	2.33E-06	1.99E-05
0.379878	-1.87E-05	2.27E-05
0.381519	5.18E-06	2.06E-05
0.38316	9.78E-06	2.27E-05
0.384801	-3.08E-05	2.13E-05
0.386442	-4.56E-05	2.17E-05
0.388083	-3.99E-05	2.34E-05
0.389723	1.95E-05	2.25E-05
0.391364	3.03E-05	2.53E-05
0.393005	-2.88E-05	2.52E-05
0.394646	-2.75E-05	2.49E-05
0.396287	-1.67E-05	2.67E-05
0.397928	-2.27E-05	2.70E-05
0.399569	-1.47E-05	2.57E-05
0.40121	-6.81E-06	2.77E-05
0.402851	3.21E-06	2.80E-05
0.404492	2.90E-05	2.81E-05
0.406133	2.79E-05	2.89E-05
0.407774	1.68E-05	3.38E-05
0.409415	-2.14E-05	3.02E-05
0.411056	-4.39E-06	3.27E-05
0.412697	4.55E-05	3.40E-05
